[[-10,0,0],[-21,52,0],[-13,85,0],[25,85,0]],
[[-10,0,0],[-21,52,0],[-16,78,-18],[14,85,0]],
[[-10,0,0],[-21,52,0],[-5,78,-18],[5,85,0]],
[[-10,0,0],[-21,52,0],[6,74,-18],[-10,85,0]],
[[-10,0,0],[-21,52,0],[13,71,-45],[-15,85,0]],
[[-10,0,0],[-21,52,0],[9,77,-45],[-20,83,-9]],
[[-10,0,0],[-21,52,0],[13,77,-30],[-22,82,-9]],
[[-10,0,0],[-21,52,0],[15,85,0],[-25,79,-24]],
[[-10,0,0],[-21,52,0],[11,85,0],[-18,74,-24]],
[[-10,0,0],[-21,52,0],[8,85,0],[-8,76,-24]],
[[-10,0,0],[-21,52,0],[-3,85,0],[-3,69,-24]],
[[-10,0,0],[-21,52,0],[-12,85,0],[8,73,-24]],
[[-10,0,0],[-21,52,0],[-16,85,0],[9,79,-24]],
[[-10,0,0],[-21,52,0],[-16,85,0],[15,81,-12]],
[[-10,0,0],[-21,52,0],[-17,85,0],[13,83,-3]],
[[-10,0,0],[-21,52,0],[-20,85,0],[18,85,0]],